//  PatLen	   TextLen	  Naive-RT	    KMP-RT
        10	     10000	      8607	     12173
       100	     10000	      4285	     17327
      1000	     10000	      3186	     11194
        10	     20000	      2561	       294
       100	     20000	      4147	      5407
      1000	     20000	      4148	      1668
     10000	     20000	      3884	      6772
        10	     30000	      3936	      2763
       100	     30000	      3001	      5539
      1000	     30000	      3013	      2693
     10000	     30000	      5667	      3278
        10	     40000	      4191	      5664
       100	     40000	      5706	      6239
      1000	     40000	      4228	      5672
     10000	     40000	      4146	      4868
        10	     50000	      5544	     17227
       100	     50000	       922	     15894
      1000	     50000	       959	      5034
     10000	     50000	      3559	      9230
        10	     60000	     19635	       884
       100	     60000	     23164	      6651
      1000	     60000	     14063	      2005
     10000	     60000	     12226	      4943
        10	     70000	      1777	       994
       100	     70000	      5942	      1055
      1000	     70000	      1253	      1017
     10000	     70000	      6292	      1295
        10	     80000	      1426	      1161
       100	     80000	      1480	      1127
      1000	     80000	      1465	      1190
     10000	     80000	      1570	      1394
        10	     90000	      2691	      2352
       100	     90000	      1666	      2972
      1000	     90000	      1693	      1358
     10000	     90000	      1710	      1610
        10	    100000	      1952	      7638
       100	    100000	      1786	      6231
      1000	    100000	      1769	      6364
     10000	    100000	      1870	      6924
        10	    110000	      7936	     10373
       100	    110000	      6788	      5139
      1000	    110000	      8463	      6460
     10000	    110000	      6031	     11816
        10	    120000	      8530	      7618
       100	    120000	      7090	     14229
      1000	    120000	      7921	      6669
     10000	    120000	      7722	     12028
        10	    130000	      2351	      2056
       100	    130000	      2722	      1948
      1000	    130000	      2646	      7065
     10000	    130000	      2892	      3000
        10	    140000	      3701	      7187
       100	    140000	      7486	      5920
      1000	    140000	      9651	      7867
     10000	    140000	     13469	      7779
        10	    150000	      8042	     15036
       100	    150000	      7384	      9363
      1000	    150000	      8110	     18169
     10000	    150000	     11332	     14754
        10	    160000	     12727	     22131
       100	    160000	     18265	     18162
      1000	    160000	     10204	      7538
     10000	    160000	     17597	      8356
        10	    170000	      8872	      7839
       100	    170000	      8545	      6883
      1000	    170000	     11673	      7151
     10000	    170000	      8134	      3336
        10	    180000	      3390	      9420
       100	    180000	      7905	      2646
      1000	    180000	     10935	      2710
     10000	    180000	     11235	      3503
        10	    190000	      3506	      7878
       100	    190000	      8438	      7791
      1000	    190000	      8893	      9026
     10000	    190000	      7466	     12054
        10	    200000	     10340	      2979
       100	    200000	     13514	      3050
      1000	    200000	     25250	      3047
     10000	    200000	     13496	      3935
    100000	    200000	     10283	      3601
        10	    210000	      4417	      3123
       100	    210000	      4193	      3648
      1000	    210000	      4345	      3195
     10000	    210000	      3918	      3545
    100000	    210000	      5034	     15057
        10	    220000	      8942	      3120
       100	    220000	     10044	      3104
      1000	    220000	      3979	      3149
     10000	    220000	      4028	      4604
    100000	    220000	      4836	     16135
        10	    230000	     15621	      3254
       100	    230000	      4028	      3233
      1000	    230000	      4721	      3289
     10000	    230000	      4149	     15358
    100000	    230000	      5012	     16092
        10	    240000	      7439	     22036
       100	    240000	      4318	      3419
      1000	    240000	     18443	      3511
     10000	    240000	     18713	      8179
    100000	    240000	     16422	      3729
        10	    250000	      4481	      3528
       100	    250000	      4398	      3527
      1000	    250000	      5565	      3604
     10000	    250000	     16004	      4332
    100000	    250000	     12115	      7624
        10	    260000	      4602	      3682
       100	    260000	     15637	      3680
      1000	    260000	     17735	      3737
     10000	    260000	     11840	      4250
    100000	    260000	     13721	      9288
        10	    270000	     13376	      7971
       100	    270000	      5172	      9533
      1000	    270000	      4803	     14839
     10000	    270000	      4931	     24168
    100000	    270000	      7211	     16265
        10	    280000	     12652	     12090
       100	    280000	      9506	     13340
      1000	    280000	      9393	      4401
     10000	    280000	     11774	      5429
    100000	    280000	     19333	      6772
        10	    290000	     17396	     14401
       100	    290000	     16494	     16060
      1000	    290000	      5107	     16132
     10000	    290000	      5714	     16736
    100000	    290000	      6296	      4756
        10	    300000	      5265	      4165
       100	    300000	     17259	      4184
      1000	    300000	      5280	      4262
     10000	    300000	      5411	      4898
    100000	    300000	     18491	      4935
        10	    310000	     20800	     13282
       100	    310000	     18369	      9744
      1000	    310000	     16713	      4469
     10000	    310000	     14118	      5507
    100000	    310000	     16891	      5758
        10	    320000	      5726	      6168
       100	    320000	     12727	      4874
      1000	    320000	     15261	      6013
     10000	    320000	     15955	      5687
    100000	    320000	     12369	     10224
        10	    330000	     10873	     11725
       100	    330000	     15279	     11439
      1000	    330000	     13234	     11961
     10000	    330000	     12817	     11826
    100000	    330000	     16631	     12425
        10	    340000	     16181	      4848
       100	    340000	     16723	      5136
      1000	    340000	      6617	      5273
     10000	    340000	      8005	      8453
    100000	    340000	      7509	     15689
        10	    350000	     17043	      4960
       100	    350000	     16311	      9904
      1000	    350000	     16324	      5219
     10000	    350000	     15737	      5808
    100000	    350000	     18608	      5908
        10	    360000	      8680	      5099
       100	    360000	      6364	      5046
      1000	    360000	      6507	      5289
     10000	    360000	      9978	      5979
    100000	    360000	      8006	      6274
        10	    370000	     17166	      5165
       100	    370000	     17316	      9356
      1000	    370000	      6654	      5497
     10000	    370000	      6966	      6255
    100000	    370000	      8267	     12970
        10	    380000	      6918	     10638
       100	    380000	      6806	     20196
      1000	    380000	      6770	     14556
     10000	    380000	      9536	     22251
    100000	    380000	     19324	      6980
        10	    390000	      7080	      5820
       100	    390000	      7364	      5976
      1000	    390000	      7853	      7616
     10000	    390000	     12586	      6683
    100000	    390000	      9025	     16613
        10	    400000	      7888	      6102
       100	    400000	      7610	      6039
      1000	    400000	      7188	      6194
     10000	    400000	      7890	      8312
    100000	    400000	      9655	     13692
        10	    410000	     21111	     15875
       100	    410000	      7240	     10853
      1000	    410000	      7760	     10476
     10000	    410000	      7424	     18839
    100000	    410000	     26839	     26986
        10	    420000	     17997	      5874
       100	    420000	     17048	      5930
      1000	    420000	     13445	      6044
     10000	    420000	      7782	     14550
    100000	    420000	      9412	     18944
        10	    430000	      7662	     16910
       100	    430000	     24244	      6158
      1000	    430000	     18537	      6142
     10000	    430000	     22044	     11675
    100000	    430000	     30753	      7603
        10	    440000	     22935	      6944
       100	    440000	     18743	      6489
      1000	    440000	     20656	      6785
     10000	    440000	     28256	      7827
    100000	    440000	     10104	     27766
        10	    450000	     28685	     14354
       100	    450000	      8070	      6244
      1000	    450000	      8024	      6434
     10000	    450000	     19049	      7497
    100000	    450000	     25774	     21441
        10	    460000	     12386	      6508
       100	    460000	     23172	      6545
      1000	    460000	     19034	      6618
     10000	    460000	     22359	      7633
    100000	    460000	     22900	      7917
        10	    470000	      8454	      8110
       100	    470000	      8366	      7039
      1000	    470000	      8543	      6818
     10000	    470000	     17575	      8136
    100000	    470000	     22831	     11017
        10	    480000	     18295	      6743
       100	    480000	     18648	      6775
      1000	    480000	      8592	      6917
     10000	    480000	      8829	      7986
    100000	    480000	     10647	     16526
        10	    490000	      8783	      6916
       100	    490000	      8745	      6921
      1000	    490000	      8785	      7106
     10000	    490000	      9050	      8471
    100000	    490000	     10907	      8535
        10	    500000	     14929	     19298
       100	    500000	     16455	     19044
      1000	    500000	     19619	      7195
     10000	    500000	     19204	     19640
    100000	    500000	     20958	     24982
        10	    510000	      9082	     17179
       100	    510000	     18320	      7294
      1000	    510000	      9112	      7343
     10000	    510000	     18401	     17941
    100000	    510000	     20535	     24840
        10	    520000	     23745	      7357
       100	    520000	     20320	      7393
      1000	    520000	      9404	      7530
     10000	    520000	     13345	      8711
    100000	    520000	     23172	     19189
        10	    530000	     22271	      7484
       100	    530000	      9522	      7566
      1000	    530000	      9431	      7703
     10000	    530000	      9721	      8887
    100000	    530000	     11827	      9357
        10	    540000	      9968	     21630
       100	    540000	     21919	     28344
      1000	    540000	     10355	     19676
     10000	    540000	      9906	     20744
    100000	    540000	     19881	     25949
        10	    550000	     12085	     25148
       100	    550000	     20845	     23656
      1000	    550000	     23172	     25242
     10000	    550000	     22843	     21039
    100000	    550000	     23279	     22670
        10	    560000	     26627	      9279
       100	    560000	     47211	      8021
      1000	    560000	     10788	     36311
     10000	    560000	     11035	     29203
    100000	    560000	     15562	     25695
        10	    570000	     28893	      8251
       100	    570000	     25086	      8123
      1000	    570000	     22421	      8643
     10000	    570000	     10773	      9721
    100000	    570000	     12937	     21869
        10	    580000	     29027	      8298
       100	    580000	     31910	      9419
      1000	    580000	     10498	      8929
     10000	    580000	     10792	      9831
    100000	    580000	     13714	     12443
        10	    590000	     11590	      8322
       100	    590000	     10949	      8950
      1000	    590000	     10801	      9221
     10000	    590000	     11253	     10639
    100000	    590000	     13178	     33239
        10	    600000	     25471	     27119
       100	    600000	     10634	     21792
      1000	    600000	     22312	     25242
     10000	    600000	     11024	     20795
    100000	    600000	     31900	     10830
        10	    610000	     11241	      8628
       100	    610000	     11019	      8689
      1000	    610000	     11335	      8881
     10000	    610000	     11254	     20654
    100000	    610000	     24533	     34335
        10	    620000	     24651	     10538
       100	    620000	     27355	     18244
      1000	    620000	     29985	     20892
     10000	    620000	     28813	     20326
    100000	    620000	     32168	     14959
        10	    630000	     11195	     11560
       100	    630000	     23137	      9137
      1000	    630000	     23999	     22197
     10000	    630000	     12968	     17414
    100000	    630000	     14676	     13191
        10	    640000	     11758	      9037
       100	    640000	     11448	      9108
      1000	    640000	     11564	     17667
     10000	    640000	     11955	     25573
    100000	    640000	     28960	     13298
        10	    650000	     24192	      9078
       100	    650000	     22198	     21146
      1000	    650000	     11655	     22014
     10000	    650000	     27024	     20863
    100000	    650000	     29847	     31393
        10	    660000	     20799	      9675
       100	    660000	     23696	     21118
      1000	    660000	     24739	     21489
     10000	    660000	     12428	     14593
    100000	    660000	     16644	     26865
        10	    670000	     26965	     16979
       100	    670000	     22056	     29376
      1000	    670000	     12619	     19733
     10000	    670000	     21332	     16807
    100000	    670000	     31467	     28058
        10	    680000	     12614	     20217
       100	    680000	     26561	      9568
      1000	    680000	     27471	     10687
     10000	    680000	     28896	     30381
    100000	    680000	     41924	     31138
        10	    690000	     14306	     19670
       100	    690000	     14205	     22334
      1000	    690000	     19103	     10423
     10000	    690000	     25550	     14805
    100000	    690000	     30459	     13228
        10	    700000	     14959	     10246
       100	    700000	     16771	     12881
      1000	    700000	     14133	     11946
     10000	    700000	     13515	     17360
    100000	    700000	     18200	     34603
        10	    710000	     27750	     10616
       100	    710000	     29271	     23589
      1000	    710000	     14133	     11282
     10000	    710000	     13327	     12563
    100000	    710000	     18846	     15653
        10	    720000	     27870	     19943
       100	    720000	     12958	     20218
      1000	    720000	     21602	     10310
     10000	    720000	     24767	     23076
    100000	    720000	     15860	     31983
        10	    730000	     13037	     10290
       100	    730000	     12989	     10273
      1000	    730000	     25018	     10560
     10000	    730000	     32459	     12200
    100000	    730000	     36340	     32588
        10	    740000	     32298	     23171
       100	    740000	     30135	     22739
      1000	    740000	     28243	     19285
     10000	    740000	     14080	     26585
    100000	    740000	     36581	     29235
        10	    750000	     13770	     10757
       100	    750000	     13947	     24898
      1000	    750000	     13635	     25433
     10000	    750000	     13970	     23665
    100000	    750000	     16752	     32897
        10	    760000	     34502	     21720
       100	    760000	     25989	     19626
      1000	    760000	     28486	     10862
     10000	    760000	     29388	     26637
    100000	    760000	     38844	     28860
        10	    770000	     14617	     10950
       100	    770000	     22464	     12146
      1000	    770000	     13830	     12917
     10000	    770000	     14275	     27927
    100000	    770000	     31358	     29078
        10	    780000	     14543	     24461
       100	    780000	     28627	     31437
      1000	    780000	     30070	     25256
     10000	    780000	     29757	     20210
    100000	    780000	     37338	     14655
        10	    790000	     16604	     11516
       100	    790000	     18823	     11559
      1000	    790000	     14597	     11803
     10000	    790000	     16063	     13299
    100000	    790000	     29274	     33788
        10	    800000	     14313	     11977
       100	    800000	     14409	     12130
      1000	    800000	     14346	     12207
     10000	    800000	     14724	     13718
    100000	    800000	     19798	     17466
        10	    810000	     17168	     11629
       100	    810000	     27004	     18803
      1000	    810000	     34212	     24687
     10000	    810000	     31007	     28501
    100000	    810000	     23444	     15059
        10	    820000	     44719	     37950
       100	    820000	     27832	     25836
      1000	    820000	     19596	     12470
     10000	    820000	     17991	     26256
    100000	    820000	     39228	     15364
        10	    830000	     26947	     12111
       100	    830000	     39485	     12178
      1000	    830000	     42544	     26268
     10000	    830000	     26017	     29457
    100000	    830000	     20562	     26830
        10	    840000	     28489	     11881
       100	    840000	     38420	     21079
      1000	    840000	     37517	     12797
     10000	    840000	     27957	     27409
    100000	    840000	     37592	     16192
        10	    850000	     30193	     25559
       100	    850000	     32221	     23095
      1000	    850000	     29470	     27245
     10000	    850000	     37618	     27451
    100000	    850000	     39033	     39715
        10	    860000	     30173	     16638
       100	    860000	     33312	     27344
      1000	    860000	     36699	     30146
     10000	    860000	     37959	     32135
    100000	    860000	     31208	     34203
        10	    870000	     17968	     20094
       100	    870000	     39279	     27305
      1000	    870000	     17621	     32159
     10000	    870000	     27213	     27698
    100000	    870000	     43117	     34385
        10	    880000	     20937	     14031
       100	    880000	     19864	     13698
      1000	    880000	     16979	     14194
     10000	    880000	     17741	     17023
    100000	    880000	     22576	     34672
        10	    890000	     28394	     13779
       100	    890000	     19191	     14762
      1000	    890000	     16968	     14159
     10000	    890000	     17856	     17066
    100000	    890000	     26928	     32311
        10	    900000	     17008	     16311
       100	    900000	     20536	     31999
      1000	    900000	     16981	     33870
     10000	    900000	     18729	     17117
    100000	    900000	     22569	     38129
        10	    910000	     17422	     32763
       100	    910000	     20465	     12764
      1000	    910000	     17425	     22441
     10000	    910000	     31584	     16809
    100000	    910000	     44646	     34573
        10	    920000	     16611	     13768
       100	    920000	     19957	     13128
      1000	    920000	     17536	     13819
     10000	    920000	     19505	     21758
    100000	    920000	     23097	     18820
        10	    930000	     34589	     28112
       100	    930000	     26590	     16406
      1000	    930000	     36444	     13586
     10000	    930000	     32058	     28604
    100000	    930000	     48595	     18039
        10	    940000	     17604	     26627
       100	    940000	     19076	     25150
      1000	    940000	     17558	     26886
     10000	    940000	     33571	     40649
    100000	    940000	     44741	     37395
        10	    950000	     18581	     14327
       100	    950000	     19983	     14200
      1000	    950000	     21120	     14865
     10000	    950000	     18770	     16498
    100000	    950000	     25115	     21108
        10	    960000	     20555	     32228
       100	    960000	     39774	     33358
      1000	    960000	     37141	     15078
     10000	    960000	     55331	     16736
    100000	    960000	     47817	     57809
        10	    970000	     33661	     20056
       100	    970000	     32587	     27559
      1000	    970000	     17932	     27494
     10000	    970000	     18774	     16345
    100000	    970000	     35472	     36786
        10	    980000	     40267	     29000
       100	    980000	     40211	     28764
      1000	    980000	     32636	     19201
     10000	    980000	     17838	     32973
    100000	    980000	     21814	     43464
        10	    990000	     40308	     27975
       100	    990000	     17612	     33807
      1000	    990000	     38009	     14400
     10000	    990000	     40885	     36666
    100000	    990000	     21829	     37435
        10	   1000000	     29512	     29402
       100	   1000000	     21932	     27935
      1000	   1000000	     18800	     42665
     10000	   1000000	     21802	     17074
    100000	   1000000	     53988	     38691
