//            PatLen	     Ratio
               10000	  0.640900
               20000	  0.062050
               30000	  0.013033
               40000	  0.008875
               50000	  0.018500
               60000	  0.008050
               70000	  0.007557
               80000	  0.007163
               90000	  0.007256
              100000	  0.006950
              110000	  0.007182
              120000	  0.006933
              130000	  0.006831
              140000	  0.006721
              150000	  0.006700
              160000	  0.006606
              170000	  0.011376
              180000	  0.007461
              190000	  0.006579
              200000	  0.007900
              210000	  0.016481
              220000	  0.007423
              230000	  0.014635
              240000	  0.007842
              250000	  0.006964
              260000	  0.007154
              270000	  0.012815
              280000	  0.006850
              290000	  0.012010
              300000	  0.006670
              310000	  0.006565
              320000	  0.006566
              330000	  0.006709
              340000	  0.006406
              350000	  0.008066
              360000	  0.010572
              370000	  0.006497
              380000	  0.006582
              390000	  0.006441
              400000	  0.006653
              410000	  0.008671
              420000	  0.006476
              430000	  0.008226
              440000	  0.006350
              450000	  0.006422
              460000	  0.006604
              470000	  0.006381
              480000	  0.006379
              490000	  0.006490
              500000	  0.006460
              510000	  0.006437
              520000	  0.007606
              530000	  0.006591
              540000	  0.007450
              550000	  0.006600
              560000	  0.006325
              570000	  0.006993
              580000	  0.008345
              590000	  0.006407
              600000	  0.006417
              610000	  0.006752
              620000	  0.006981
              630000	  0.006533
              640000	  0.006609
              650000	  0.006408
              660000	  0.006783
              670000	  0.006363
              680000	  0.006469
              690000	  0.006429
              700000	  0.006517
              710000	  0.006618
              720000	  0.006500
              730000	  0.006405
              740000	  0.006474
              750000	  0.006484
              760000	  0.006517
              770000	  0.006342
              780000	  0.006421
              790000	  0.006478
              800000	  0.006415
              810000	  0.006417
              820000	  0.006399
              830000	  0.006688
              840000	  0.006450
              850000	  0.006366
              860000	  0.006420
              870000	  0.006401
              880000	  0.006380
              890000	  0.006387
              900000	  0.006450
              910000	  0.006492
              920000	  0.006382
              930000	  0.006411
              940000	  0.006376
              950000	  0.006440
              960000	  0.006372
              970000	  0.006382
              980000	  0.006349
              990000	  0.006366
             1000000	  0.006438
Ignoring ratios before cross over point: 40000
Sorted ratios are: 
  0.006325,   0.006342,   0.006349,   0.006350,   0.006363, 
  0.006366,   0.006366,   0.006372,   0.006376,   0.006379, 
  0.006380,   0.006381,   0.006382,   0.006382,   0.006387, 
  0.006399,   0.006401,   0.006405,   0.006406,   0.006407, 
  0.006408,   0.006411,   0.006415,   0.006417,   0.006417, 
  0.006420,   0.006421,   0.006422,   0.006429,   0.006437, 
  0.006438,   0.006440,   0.006441,   0.006450,   0.006450, 
  0.006460,   0.006469,   0.006474,   0.006476,   0.006478, 
  0.006484,   0.006490,   0.006492,   0.006497,   0.006500, 
  0.006517,   0.006517,   0.006533,   0.006565,   0.006566, 
  0.006579,   0.006582,   0.006591,   0.006600,   0.006604, 
  0.006606,   0.006609,   0.006618,   0.006653,   0.006670, 
  0.006688,   0.006700,   0.006709,   0.006721,   0.006752, 
  0.006783,   0.006831,   0.006850,   0.006933,   0.006950, 
  0.006964,   0.006981,   0.006993,   0.007154,   0.007163, 
  0.007182,   0.007256,   0.007423,   0.007450,   0.007461, 
  0.007557,   0.007606,   0.007842,   0.007900,   0.008050, 
  0.008066,   0.008226,   0.008345,   0.008671,   0.008875, 
  0.010572,   0.011376,   0.012010,   0.012815,   0.013033, 
  0.014635
Maximum stable ratio is:   0.014635
Average ratio is:   0.007115
