//  PatLen	   TextLen	  Naive-RT	    KMP-RT
        10	     10000	      6941	       893
       100	     10000	        90	        84
      1000	     10000	        93	       229
        10	     20000	       203	       135
       100	     20000	       188	       127
      1000	     20000	       176	       146
     10000	     20000	       219	       243
        10	     30000	       292	       204
       100	     30000	       276	       194
      1000	     30000	       278	       215
     10000	     30000	       281	       306
        10	     40000	       389	       266
       100	     40000	       359	       335
      1000	     40000	       368	       443
     10000	     40000	       370	       359
        10	     50000	       487	       343
       100	     50000	       449	       321
      1000	     50000	       455	       333
     10000	     50000	       477	       399
        10	     60000	       537	       379
       100	     60000	       538	       391
      1000	     60000	       538	       404
     10000	     60000	       546	       468
        10	     70000	       727	       444
       100	     70000	       627	       456
      1000	     70000	       644	       482
     10000	     70000	       638	       534
        10	     80000	       748	       508
       100	     80000	       710	       511
      1000	     80000	       749	       519
     10000	     80000	       727	       591
        10	     90000	       815	       594
       100	     90000	       825	       578
      1000	     90000	       803	       585
     10000	     90000	       835	       630
        10	    100000	       915	       642
       100	    100000	       913	       639
      1000	    100000	       892	       696
     10000	    100000	       927	       700
        10	    110000	      1005	       693
       100	    110000	      1006	       729
      1000	    110000	      1002	       719
     10000	    110000	      1084	       753
        10	    120000	      1180	       758
       100	    120000	      1059	       763
      1000	    120000	      1061	       805
     10000	    120000	      1079	       789
        10	    130000	      1180	       825
       100	    130000	      1198	       828
      1000	    130000	      1161	       829
     10000	    130000	      1186	       850
        10	    140000	      1278	       902
       100	    140000	      1277	       914
      1000	    140000	      1266	       895
     10000	    140000	      1287	       921
        10	    150000	      1378	       948
       100	    150000	      1330	       947
      1000	    150000	      1340	       975
     10000	    150000	      1346	       989
        10	    160000	      1432	      1034
       100	    160000	      1459	      1011
      1000	    160000	      1478	      1022
     10000	    160000	      1494	      1008
        10	    170000	      1547	      1085
       100	    170000	      1530	      1076
      1000	    170000	      1522	      1083
     10000	    170000	      1523	      4239
        10	    180000	      4558	      1166
       100	    180000	      1677	      1153
      1000	    180000	      1600	      1163
     10000	    180000	      1630	      1138
        10	    190000	      1825	      1205
       100	    190000	      1802	      1207
      1000	    190000	      1779	      1205
     10000	    190000	      1839	      1195
        10	    200000	      1810	      1280
       100	    200000	      1775	      1310
      1000	    200000	      1898	      1273
     10000	    200000	      1816	      1233
    100000	    200000	      2033	      1566
        10	    210000	      1997	      1324
       100	    210000	      1908	      1362
      1000	    210000	      1863	      1337
     10000	    210000	      1913	      1296
    100000	    210000	      2152	      1652
        10	    220000	      1969	      1441
       100	    220000	      1961	      1388
      1000	    220000	      1950	      1399
     10000	    220000	      1999	      1380
    100000	    220000	      2248	      1653
        10	    230000	      2107	      1490
       100	    230000	      2049	      1469
      1000	    230000	      2445	      1458
     10000	    230000	      2093	      1399
    100000	    230000	      2343	      1657
        10	    240000	      2204	      1543
       100	    240000	      2130	      1516
      1000	    240000	      2189	      1546
     10000	    240000	      2157	      1495
    100000	    240000	      2452	      1743
        10	    250000	      2300	      1590
       100	    250000	      2252	      1610
      1000	    250000	      2210	      1581
     10000	    250000	      2261	      1534
    100000	    250000	      2582	     13567
        10	    260000	      2347	      1649
       100	    260000	      2319	      1644
      1000	    260000	      2315	      1663
     10000	    260000	      2332	      1570
    100000	    260000	      2682	      1768
        10	    270000	      2481	      1749
       100	    270000	      2404	      1794
      1000	    270000	      2403	      1710
     10000	    270000	      2449	      1633
    100000	    270000	      2803	      1861
        10	    280000	      2577	      1797
       100	    280000	      2479	      1783
      1000	    280000	      3516	      1817
     10000	    280000	      2524	      1751
    100000	    280000	      2945	      4450
        10	    290000	      2592	      1831
       100	    290000	      2570	      1847
      1000	    290000	      2622	      1826
     10000	    290000	      2598	      1754
    100000	    290000	      2978	      1944
        10	    300000	      2671	      1921
       100	    300000	      2659	      1901
      1000	    300000	      2670	      1903
     10000	    300000	      2717	      1799
    100000	    300000	      3119	      1981
        10	    310000	      2775	      1973
       100	    310000	      2792	      2024
      1000	    310000	      2750	      1962
     10000	    310000	      2822	      1856
    100000	    310000	      3278	      1933
        10	    320000	      2863	      2029
       100	    320000	      2823	      2096
      1000	    320000	      2836	      2073
     10000	    320000	      2898	      1915
    100000	    320000	      3366	      1948
        10	    330000	      2932	      2102
       100	    330000	      2905	      2077
      1000	    330000	      2934	      2072
     10000	    330000	      2993	      1983
    100000	    330000	      3385	      4686
        10	    340000	      3035	      2176
       100	    340000	      3013	      2235
      1000	    340000	      3014	      2151
     10000	    340000	      3292	      2043
    100000	    340000	      3893	      2014
        10	    350000	      3129	      2236
       100	    350000	      3102	      2203
      1000	    350000	      3081	      2207
     10000	    350000	      3305	      2108
    100000	    350000	      3598	      2275
        10	    360000	      3469	      2287
       100	    360000	      3199	      2293
      1000	    360000	      3194	      2267
     10000	    360000	      3284	      2145
    100000	    360000	      4011	      2097
        10	    370000	      3421	      2386
       100	    370000	      3326	      2356
      1000	    370000	      3295	      2346
     10000	    370000	      3384	      2177
    100000	    370000	      3808	      2207
        10	    380000	      3444	      2433
       100	    380000	      3365	      2407
      1000	    380000	      3378	      2460
     10000	    380000	      3495	      2257
    100000	    380000	      3922	      4957
        10	    390000	      3507	      2482
       100	    390000	      3485	      2503
      1000	    390000	      3505	      2442
     10000	    390000	      3559	      2319
    100000	    390000	      4036	      3589
        10	    400000	      3562	      2564
       100	    400000	      3623	      2571
      1000	    400000	      3579	      2519
     10000	    400000	      3656	      2387
    100000	    400000	      4209	      4355
        10	    410000	      3668	      2613
       100	    410000	      3630	      2599
      1000	    410000	      3621	      2561
     10000	    410000	      3769	      2443
    100000	    410000	      4208	      2259
        10	    420000	      3755	      2685
       100	    420000	      3785	      2700
      1000	    420000	      3741	      2654
     10000	    420000	      3765	      2471
    100000	    420000	      4414	      2293
        10	    430000	      3810	      2724
       100	    430000	      3806	      2712
      1000	    430000	      3798	      2752
     10000	    430000	      3972	      2596
    100000	    430000	      4436	      2304
        10	    440000	      3909	      2810
       100	    440000	      3989	      2789
      1000	    440000	      3895	      2766
     10000	    440000	      4729	      2612
    100000	    440000	      4587	      2349
        10	    450000	      4036	      2863
       100	    450000	      4185	      2855
      1000	    450000	      3987	      2836
     10000	    450000	      4064	      2628
    100000	    450000	      4633	      2366
        10	    460000	      4119	      2967
       100	    460000	      4083	      2893
      1000	    460000	      4082	      2909
     10000	    460000	      4163	      2668
    100000	    460000	      4787	      2435
        10	    470000	      4201	      2970
       100	    470000	      4141	      2973
      1000	    470000	      4218	      2979
     10000	    470000	      4218	      2758
    100000	    470000	      4931	      2427
        10	    480000	      4272	      3039
       100	    480000	      4218	      3036
      1000	    480000	      4308	      3025
     10000	    480000	      4332	      2848
    100000	    480000	      4950	      2468
        10	    490000	      4416	      3127
       100	    490000	      4323	      3132
      1000	    490000	      4344	      3095
     10000	    490000	      4413	      2862
    100000	    490000	      5053	      2524
        10	    500000	      4466	      3185
       100	    500000	      4450	      3162
      1000	    500000	      4471	      3153
     10000	    500000	      4497	      2905
    100000	    500000	      5160	      2534
        10	    510000	      4532	      3221
       100	    510000	      5132	      3231
      1000	    510000	      4526	      3210
     10000	    510000	      4590	      2981
    100000	    510000	      5307	      2566
        10	    520000	      4613	      3303
       100	    520000	      4603	      3286
      1000	    520000	      4675	      3275
     10000	    520000	      4896	      3065
    100000	    520000	      5417	      2602
        10	    530000	      4724	      3392
       100	    530000	      4684	      3366
      1000	    530000	      4764	      3362
     10000	    530000	      4830	      3081
    100000	    530000	      5544	      2617
        10	    540000	      4826	      3446
       100	    540000	      4765	      3453
      1000	    540000	      4957	      3423
     10000	    540000	      4863	      3160
    100000	    540000	      5615	      2657
        10	    550000	      4932	      3504
       100	    550000	      4850	      3449
      1000	    550000	      4911	      3493
     10000	    550000	      4937	      3172
    100000	    550000	      5669	      2690
        10	    560000	      4988	      3538
       100	    560000	      4951	      3542
      1000	    560000	      5069	      3536
     10000	    560000	      5472	      3255
    100000	    560000	      5803	      2711
        10	    570000	      5268	      3637
       100	    570000	      5039	      3605
      1000	    570000	      5018	      3609
     10000	    570000	      5209	      3317
    100000	    570000	      5877	      2745
        10	    580000	      5187	      3687
       100	    580000	      5136	      3675
      1000	    580000	      5131	      3642
     10000	    580000	      5188	      3345
    100000	    580000	      5985	      2783
        10	    590000	      5253	      3759
       100	    590000	      5207	      3733
      1000	    590000	      5211	      3690
     10000	    590000	      5341	      3431
    100000	    590000	      6091	      2805
        10	    600000	      5380	      3820
       100	    600000	      5287	      3807
      1000	    600000	      5341	      3774
     10000	    600000	      5489	      3499
    100000	    600000	      6193	      2857
        10	    610000	      5417	      3897
       100	    610000	      5439	      3859
      1000	    610000	      5471	      3835
     10000	    610000	      5530	      3551
    100000	    610000	      6297	      4361
        10	    620000	      5484	      3953
       100	    620000	      5626	      3904
      1000	    620000	      5499	      3909
     10000	    620000	      5691	      3580
    100000	    620000	      6413	      2911
        10	    630000	      5657	      3978
       100	    630000	      5563	      3971
      1000	    630000	      5731	      3964
     10000	    630000	      5674	      3646
    100000	    630000	      6618	      2961
        10	    640000	      5693	      4068
       100	    640000	      5647	      4028
      1000	    640000	      5691	      4055
     10000	    640000	      5799	      3693
    100000	    640000	      6614	      2970
        10	    650000	      5770	      4133
       100	    650000	      5813	      4055
      1000	    650000	      5748	      4122
     10000	    650000	      5833	      3755
    100000	    650000	      6740	      3099
        10	    660000	      6059	      4159
       100	    660000	      5812	      4147
      1000	    660000	      6028	      4212
     10000	    660000	      5918	      3831
    100000	    660000	      6843	      3051
        10	    670000	      5958	      4302
       100	    670000	      5935	      4217
      1000	    670000	      5938	      4243
     10000	    670000	      6005	      3885
    100000	    670000	      6984	      3072
        10	    680000	      6071	      4297
       100	    680000	      6019	      4254
      1000	    680000	      6056	      4290
     10000	    680000	      6188	      3924
    100000	    680000	      7484	      3131
        10	    690000	      6157	      4409
       100	    690000	      6180	      4384
      1000	    690000	      6101	      4379
     10000	    690000	      6321	      3989
    100000	    690000	      7142	      4422
        10	    700000	      7352	      4469
       100	    700000	      6166	      4420
      1000	    700000	      7343	      4389
     10000	    700000	      6350	      4059
    100000	    700000	      7258	      3176
        10	    710000	      6343	      4493
       100	    710000	      6252	      4511
      1000	    710000	      6314	      4486
     10000	    710000	      6380	      4104
    100000	    710000	      7351	      3197
        10	    720000	      6380	      4593
       100	    720000	      6473	      4583
      1000	    720000	      6447	      4529
     10000	    720000	      6488	      4166
    100000	    720000	      7442	      3260
        10	    730000	      6511	      4646
       100	    730000	      6431	      4615
      1000	    730000	      6901	      4567
     10000	    730000	      6910	      4140
    100000	    730000	      7531	      4778
        10	    740000	      7022	      4732
       100	    740000	      6955	      4639
      1000	    740000	      6592	      4652
     10000	    740000	      6758	      4259
    100000	    740000	      7648	      3303
        10	    750000	      6726	      4749
       100	    750000	      6937	      4735
      1000	    750000	      6646	      4724
     10000	    750000	      6886	      4337
    100000	    750000	      8294	      3313
        10	    760000	      6745	      4814
       100	    760000	      6866	      4806
      1000	    760000	      6722	      4768
     10000	    760000	      6909	      4396
    100000	    760000	      7849	      3360
        10	    770000	      6853	      4864
       100	    770000	      7000	      4888
      1000	    770000	      6808	      4891
     10000	    770000	      6998	      4410
    100000	    770000	      7958	      3410
        10	    780000	      7003	      4927
       100	    780000	      7775	      4937
      1000	    780000	      6904	      4926
     10000	    780000	      7080	      4488
    100000	    780000	      8087	      3421
        10	    790000	      7028	      5025
       100	    790000	      6981	      5001
      1000	    790000	      7095	      4965
     10000	    790000	      7120	      4548
    100000	    790000	      8206	      3461
        10	    800000	      7129	      5129
       100	    800000	      7054	      5045
      1000	    800000	      7083	      4990
     10000	    800000	      7234	      4570
    100000	    800000	      8267	      3486
        10	    810000	      7463	      5156
       100	    810000	      7148	      5076
      1000	    810000	      7272	      5160
     10000	    810000	      7809	      4634
    100000	    810000	      8365	      3516
        10	    820000	      7288	      5200
       100	    820000	      7283	      5196
      1000	    820000	      7270	      5165
     10000	    820000	      7482	      4762
    100000	    820000	      8458	      3563
        10	    830000	      7363	      5262
       100	    830000	      7319	      5206
      1000	    830000	      7319	      5204
     10000	    830000	      7577	      4807
    100000	    830000	      8592	      3571
        10	    840000	      7524	      5321
       100	    840000	      7443	      5293
      1000	    840000	      7408	      5266
     10000	    840000	      7615	      4816
    100000	    840000	      8681	      3594
        10	    850000	      7568	      5356
       100	    850000	      7608	      5405
      1000	    850000	      7497	      5347
     10000	    850000	      7676	      4913
    100000	    850000	      8800	      3645
        10	    860000	      7646	      5460
       100	    860000	      7597	      5442
      1000	    860000	      7650	      5412
     10000	    860000	      7722	      4941
    100000	    860000	      8915	      3689
        10	    870000	      7734	      5501
       100	    870000	      7686	      5497
      1000	    870000	      7680	      5460
     10000	    870000	      8102	      4991
    100000	    870000	      9004	      3723
        10	    880000	      7844	      5610
       100	    880000	      7784	      5552
      1000	    880000	      8128	      5554
     10000	    880000	      7891	      5036
    100000	    880000	      9102	      3731
        10	    890000	      8245	      5734
       100	    890000	      9038	      5597
      1000	    890000	      7864	      5644
     10000	    890000	      7990	      5164
    100000	    890000	      9211	      3787
        10	    900000	      8044	      5807
       100	    900000	      7963	      5682
      1000	    900000	      8039	      5691
     10000	    900000	      8063	      5133
    100000	    900000	      9318	      3824
        10	    910000	      8273	      5773
       100	    910000	      8123	      5745
      1000	    910000	      8063	      5876
     10000	    910000	      8177	      6109
    100000	    910000	      9402	      3959
        10	    920000	      8219	      5872
       100	    920000	      8203	      5766
      1000	    920000	      8132	      5779
     10000	    920000	      8316	      5302
    100000	    920000	      9522	      3925
        10	    930000	      8282	      5907
       100	    930000	      8359	      5836
      1000	    930000	      8318	      5923
     10000	    930000	      8416	      5363
    100000	    930000	      9632	      3923
        10	    940000	      8438	      5950
       100	    940000	      8566	      5943
      1000	    940000	      9015	      5926
     10000	    940000	      8462	      5381
    100000	    940000	      9716	      3940
        10	    950000	      8450	      6058
       100	    950000	      9219	      6002
      1000	    950000	      8488	      5983
     10000	    950000	      8522	      5430
    100000	    950000	      9874	      3960
        10	    960000	      8499	      6101
       100	    960000	      8646	      6053
      1000	    960000	      9362	      6110
     10000	    960000	      8949	      5499
    100000	    960000	      9953	      3989
        10	    970000	      8646	      6181
       100	    970000	      8633	      6110
      1000	    970000	      8663	      6106
     10000	    970000	      8701	      5524
    100000	    970000	     10058	      4064
        10	    980000	      8676	      6186
       100	    980000	      9518	      6195
      1000	    980000	      8639	      6182
     10000	    980000	      8790	      5635
    100000	    980000	     10130	      5863
        10	    990000	      8811	      6256
       100	    990000	      8765	      6267
      1000	    990000	      9153	      6238
     10000	    990000	      8863	      5722
    100000	    990000	     10237	      4099
        10	   1000000	      8911	      6344
       100	   1000000	      8966	      6287
      1000	   1000000	      8897	      6256
     10000	   1000000	      8984	      5672
    100000	   1000000	     10411	      4153
